1101100101011100
1110101101110101
0011010111001101
0001111001110010
1111011000011111
0011100010101100
0011110111010101
0001100110111110
0000010100000010
0001010101010001
1101000001100011
1101010111100111
0000011111010101
0001010110101000
1110111100111001
0011110110100110
0010110110000010
1111000000101010
1111011011010001
1100111101110000
1101110011110100
0000101010011111
1110010100101101
1110000111110101
0011110111001000
1110110000000100
1100110111001011
0011000010011000
1110000101100000
1100001011100010
1110100000000111
1101011011100010
1100110000010000
1111110001000111
0001100110010110
1100010001001101
1110100011101001
0001001111000101
0010100011110101
0011101111111101
1110100110011110
0000111000110100
1111011000110100
1110001000011100
1110001111111000
0000001101111001
0011000000001100
0011100011001001
0011101010010110
0001011010001011
0001010111111110
1100100010110100
1101110010101101
0010110000010101
0010001111101000
1100000011011100
1111000110000010
1100000000100110
1111011001010001
0010001010010101
0010010001110010
1100010010010100
0001110001100011
1101001110001100
0000110110111111
0001111010000101
0011010101101110
0010000111111100
1110010011001101
0000100111000001
0000010111110111
0001001001111101
0001011011101010
0011100011111011
0001101011001010
1100111101001000
1111100110011110
0001010010111011
1110110011010100
1111010101000101
0010101010011101
0000111010000110
0000010100110111
1110000111100100
1100111101000010
0001001010100001
0001000111010101
0001001011011011
0001110001001011
0011111100110010
1100110110001011
1100100000100100
1111100101100100
0010000110111011
0010001011010000
0011110010000011
1101000111000111
1100110000000010
0000001111100010
1111111000010000
0001010111110001
0000001010010001
1101001100110011
1110000110001110
0010000010100010
1111100010100001
1110110111111011
1111001010000110
0001101000011110
1100001010000010
1111011001010000
1101100100111001
1111011100001000
1111001000010010
1111001011001010
0010000010100110
1101101110100111
0011100110000011
0001010111101100
0010101010110000
1101010101101001
0011111010110100
0011000100110000
1101001111001111
1111010000010111
0010100110101101
1110100011000101
1100101110000100
1101000101110010
1111111101100010
1111111101011100
1100011100001001
0000011111000000
0001100100101100
0010100001011111
0011111010010101
0010111011000111
0011111010110111
1111110101100001
1101110100101010
0011001101001111
0010110000101111
0000101100000010
0001010101001101
0001000000011111
0001110101101001
0011110110111100
0000101001101101
0000101001000000
1100111101111000
1111110111111101
1101101011001110
0001000010100000
0000111010101111
1100011001010111
1101100010100100
1101101001001110
1101100000110100
0001000101001110
0000010011110001
1111111111100011
1111100011111100
1111111011000100
0010111111011101
1101101010101111
0001000111110110
1101101001011101
1100101010000001
