00111111001000010010001101110111
10111111001111101111101110010110
00111110100001111000100100101111
10111110111000101101000101011101
00111111011010100011111001010110
10111111001011110100110101010111
00111111011010100001000111001001
00111111000110011011111001011101
10111110001000000011101110011111
00111111000101011001110000110011
00111110100111110111101001111101
00111111001100101100000100010100
00111110101101110000011001011001
00111110111110001111011110111000
00111110100111110011010110011001
00111110110100101111110110111111
10111110111001000110111001001101
10111111010011100100010010111110
00111110110001111000000100101000
00111111011001101000001110000001
10111101111110101110011100110010
00111111000001111111000111010001
10111111001000000101001000111100
10111101110111101110000100000001
00111110110101100110001110111100
10111110111001010101100110101111
00111110100111101101001000000011
10111111010000110001001010111100
00111111011010110110001110001111
00111110001011101010000011011100
00111111000000001010011000010011
00111100010000110011001101011111
00111111010010000010010001111001
00111101110000010110010100010010
10111111001100111000111110111100
00111111001011100111001001111110
00111111001000001110100111110001
00111111010110111100100001110001
10111111000110110101011111011110
00111110011011011010100011010101
10111110100101111110011010010010
00111110001011101001111011110001
00111111010101011001101001101000
00111111000000111010111111000000
10111110011101001101100011001111
10111111010110010010100110100000
00111101011111000100101100100110
00111111010111100011011010100110
00111110000011001111001101101011
10111111011110011110011111111001
10111111001011001111011001110001
10111110110000010101000011011000
10111111001010110011000000010111
10111110111100101011011110101000
00111110110000011100000101110010
10111101110010101001010011100101
10111111000010101100001110001000
10111111001100011111101110000010
00111101100111010000110011110101
10111111010101111111100101100001
10111111010010010110010011001111
10111111011111011010000010010101
00111111001000100111010110010001
10111111010101001100010011010011
10111110111101011110010010001000
10111110000011000111011011101000
10111111001000101110010011110010
10111111001101010111101111101010
00111111001111010001001111011110
00111101110011000011101000110110
00111111001101001100000001111111
10111110100110001001111111110000
10111110010010010001100011011111
10111111000001010010100110110110
10111111001000011101011011010111
10111110001010010110111111100010
00111111010011100011000011001110
10111100100101011010111011000110
10111110101001100010110011100010
10111110100001011110010000101100
00111111000011110111110100110011
10111111000001000100000100001010
10111111010011101001110110000011
00111111011000100101010001110100
00111110000110100000011011110111
10111111000001111100101011101101
00111111001001000111001110001100
10111111011010011111100011001001
00111110100110001011000110111010
00111110100101110100101010111000
00111101110000001000110001100101
00111110111110101001000011000000
00111110101111110100001000001111
10111110100001101010101111111001
00111111000011110111100111111000
00111111010110111101100001111010
10111100110110000110011111101001
10111101110110011111100101001000
00111100100010110110011111100011
00111111001000101010000000011001
00111110100100111100100000100010
00111111000111111000011101111001
10111110100110001101101011111111
00111111010000000111101110010100
00111110011110101101010000111000
10111111000101011010001011001101
10111101011011100011001000101000
00111111001100000100100100111110
10111111000011000101001111111011
10111111000010110110111110010110
10111110110000010110111001100111
10111110000011101110111101101101
00111111010011110100110010001111
10111101111110100110001101111011
10111110111101111011110111100011
00111110010000100101100011011111
00111110010100101001111101100110
10111111000011100111011100110110
10111110110100000011010000110011
10111110000110110100111001110101
10111111010101000011011101000110
00111111000110100001111010010111
00111111010110111001001011000101
10111100101110101010000101101101
10111111000001101000001011000100
00111111011011010001100111110001
00111101001011010010010100001101
10111100101101011110011000111101
00111110101101110110111101001111
10111110100001111011111010110000
10111111011011001010110101111110
00111111010100111001101001010101
10111111010011010111010110010110
10111110101010001001100000110111
10111111001110100001010110110101
10111111010010010101011010000010
10111100001111101110100010010000
00111110110111000011001010101110
00111111010010000010011011111111
00111110110010111000010000000111
10111111011100000101110011110000
00111000001111000011010000010000
00111111010011110011011111000001
00111110011100001111101100010011
00111111000111000110100100011100
10111111001000100101011111111100
00111111010001011110010011100100
10111100101001010111010010100110
00111111011101010001010110100001
00111010011101110100010001010011
10111111011000010111100110100011
10111111011010100100011001110111
00111101001100010101101100000011
00111111001000101110010001011110
00111110111000111100011100110100
00111110101000110110111110001111
00111111011100100010100110111001
00111111000110011100010011101110
10111110000010100111011001010011
10111111010101010100001101110010
10111111001001110011100110011100
00111111001010011010101010011011
10111111011000010000100111101100
00111101010111000010101010110100
00111110101000001001111111100001
10111110110101010000001000100000
10111111011110000001001000010010
10111111001010100110100011100111
