00111111010011111100001111110110
00111111010100111010011000000000
10111111010011100000111100101111
00111101110000000000011011010110
00111111011011100000010111011111
00111111011100001111000110001001
10111100111011111001101011111010
10111111001101110101101010101100
00111111010101001101101101001001
00111111011010110100001010010111
10111111011011011011011100110011
00111111010111100011010001011101
00111111000000111111011010000100
10111110010111001011100000010101
10111111001010000101101000111000
10111111011011111011001110011011
10111111011010000101110000111001
00111111001001011001110001000100
10111110101110110100101001000110
10111111011011100101110100010101
10111110011100101001000101111011
00111111000101110010010001110001
10111100101001111011001100111100
00111110100101011101001100010100
00111111000000100110011001001011
00111110101110000000001111111011
10111111001011001011111000101000
10111011010101100110110101001110
10111110101000110111000111101101
10111111000011010110100010000101
10111110111110101100100001011001
00111110110010111101101011000101
00111111011010110010100000111111
10111111001110010000011000111000
10111110111110000100111111000010
10111110111110111001110101110100
10111111000000110101000010110010
10111110100110011001110111011011
10111110111111101110001111100000
10111101010110101101000101011000
00111111001010010110001001011111
00111101110010111010101011111011
10111110110110110100110100000100
00111111000000011110100011001000
00111110000010101110011000010011
10111111011001000110000010100110
00111111000011101110111100000010
10111111001111010111110011101111
10111101011110101100000001111010
10111110101001101100100101010010
00111111000101101010110001110111
00111101011010011011111001010010
00111110010100001101101111101000
00111110100111011100011011101001
00111110111111100001101101110011
10111111010101010001010101011101
00111111010100111010000011110100
00111111001001101101000101111100
00111111011111100000010101011111
10111101111010101100101000110001
00111111011011000111110111101000
00111111000011001100000100010000
00111111001111001100010110001101
10111110010011010011111011000001
00111111000110011010001010010011
00111111010100100100000001100111
10111110111100011101110110100110
10111111001110100101010100111001
00111110001000110011110000101001
10111111001101011100100001111100
00111110011110011111100000001010
00111100110110010001010010011001
10111111010110010001101011100101
10111111010000001101110001010111
10111111000001010010010011110001
10111111011001101001001110110010
00111111011000111011101100100110
10111100101100000001010110110100
00111111010011001101001111011100
10111111010001110001000001101111
10111110011000011101000010011011
10111110010001001100100110110110
10111111001111000110110111111111
00111111011010011000101001110111
10111111011000010110010010010011
10111110100101100101110110011001
10111111011110000001110100001010
10111111001010010111101000100100
00111110111011010100100010100010
10111101110010010000010000111001
10111110110100001001000101000111
10111111000111110100000101001010
10111111001000100000101011010011
00111110100000001010001000100111
10111111010101100111011010101111
00111111000011010010101000110110
10111110000000110101110010010011
10111110110001100100110001010011
00111100101100000111101100110111
00111111000101101111010000100101
10111110011110001001101110100101
00111101100001100111010000100000
00111111011000001100010011010000
00111101110011010111000010111101
00111110001100100100010001111110
10111110110010111000011000010101
10111111000010011111110101110101
10111111000111000100011111011011
10111111001010001001100011110100
10111110000000111011000001101001
00111111010110001100010100110111
10111111001000010101111111000001
00111111011101011010000110010100
10111111010001110001101101100010
10111110001110101111000100010111
10111110111100110111111011000011
00111110110110000100100011110011
10111111010000111110000111010101
10111110101110011001001000101110
00111100100000001100000000001001
10111110111100110011011111011011
10111111011100010000101000001010
00111110111010111101101111011011
00111110001000001101000110111111
10111101101010001000111000100010
00111101101111111011011101011010
10111111000010010110110001110110
00111110011111100001001100110111
10111110010101011111110000011110
00111111011110011101100011000111
00111111010001010011010010111110
00111111000101111010010101101010
10111110111100111101100000001010
00111110101110000000101010011011
00111110111000101000100101110110
00111110100111010111001010010001
00111111000011101101111111011110
00111111010011101011010001110110
10111110101010011101000100101001
10111111000110101011100010101100
00111110111110011110111010011010
10111101001001000111101001010010
00111110011000010000000111000100
00111111001110000000100011010010
00111110000111010010000000101100
10111111000001010010011110100010
10111111011100010101000110011111
10111111001010100000010101110100
00111110110110011100110010010100
10111101011011001101100000010011
00111110101110100101011011011000
10111111010110110110101110000000
10111111010011100111100101100111
00111111001000101001010110001000
10111111001100110100010011010110
00111101000110000101010001101100
00111110100110001001000100111010
10111101101111010011111010011101
00111111001001101000111110001000
10111111001110111101000100000010
10111110010111110101110000000000
00111111000110110101001010010100
10111110010011100101000111110001
10111110001010100110010100001010
00111110100000110000101101110011
10111110000010111111101001111001
00111111011101111101011100110011
10111111010010011001111000000011
