10111111001101010000010011110011
00111111001101010000010011110011
00111111001101010000010011110011
10111111001101010000010011110011
00111111001101010000010011110011
00111111001101010000010011110011
10111111001101010000010011110011
00111111001101010000010011110011
10111111001101010000010011110011
10111111001101010000010011110011
10111111001101010000010011110011
00111111001101010000010011110011
10111111001101010000010011110011
10111111001101010000010011110011
10111111001101010000010011110011
10111111001101010000010011110011
00111111001101010000010011110011
00111111001101010000010011110011
10111111001101010000010011110011
00111111001101010000010011110011
00111111001101010000010011110011
00111111001101010000010011110011
10111111001101010000010011110011
10111111001101010000010011110011
00111111001101010000010011110011
10111111001101010000010011110011
10111111001101010000010011110011
00111111001101010000010011110011
00111111001101010000010011110011
00111111001101010000010011110011
00111111001101010000010011110011
10111111001101010000010011110011
00111111001101010000010011110011
10111111001101010000010011110011
10111111001101010000010011110011
00111111001101010000010011110011
10111111001101010000010011110011
00111111001101010000010011110011
00111111001101010000010011110011
00111111001101010000010011110011
00111111001101010000010011110011
10111111001101010000010011110011
00111111001101010000010011110011
10111111001101010000010011110011
00111111001101010000010011110011
10111111001101010000010011110011
10111111001101010000010011110011
00111111001101010000010011110011
