0000001100100000
1111110010000000
1111111011000000
1110110101100000
0000010000000000
1111110101000000
0000000000000000
1111110010100000
1111111101000000
0000001001100000
1111111011100000
0000001101000000
0000001011000000
1111011000000000
1111111001100000
1111111001000000
0000000111100000
1111101100000000
1111101111000000
1111110001000000
0000000110100000
0000001111000000
0000000000000000
1111111011000000
0000001101000000
1111101100000000
1111111001100000
0000000000000000
1111010010000000
1111111011100000
1111101111000000
0000000000000000
0000001101100000
1111111110000000
0000010111000000
1111101010000000
1111101100000000
1111010000000000
0000010100000000
1110010000000000
1111111001100000
0000011010100000
1111100000000000
0000010000000000
1111100100000000
0000001111000000
0000000000100000
1111101101100000
1111000000000000
0000110001100000
1111101101100000
1101000000000000
1111001000000000
1111100101100000
0000001100100000
0000000001100000
1111110110000000
1111101110100000
0000000001000000
0010010000000000
1111110010100000
1111100011000000
0000001101100000
0001000101000000
1111110011100000
1111111110000000
0000010101000000
0000001111000000
0001001001100000
1111111110000000
0000110010000000
0000000000000000
0000000011100000
0000001010100000
0000010100000000
0000000010100000
0000001110000000
0000000000000000
1111111010000000
0000000101000000
1111011001100000
0000101010100000
0000010001000000
0000001111000000
1111111110000000
0000011100000000
1111110110000000
0000010110000000
0000001010000000
1111010000000000
1111111100100000
1111110011100000
1111110111100000
1111110000000000
1111110110000000
0000011001000000
0000000000000000
0000000100000000
0000000000000000
0000010001100000
1111101011100000
0010011000000000
1111111011000000
0010000000000000
0000010110000000
0000011000000000
0000000000100000
1111101101100000
0000001100100000
0001000100000000
1111111001000000
0000000011000000
0000001101000000
0000000010000000
0000110000000000
1111111010000000
0000000111000000
0000001011000000
0000010010100000
0000000000000000
0000011011100000
1111110110000000
0000011110100000
0000000000000000
0010000000000000
0010011010100000
1111111111100000
0000000000000000
1111100011000000
1111111100000000
1111101101000000
0000010111000000
0000011010100000
1111110001100000
1111100110000000
1111010100000000
0000000000000000
0000001000000000
1111011000000000
1111110110000000
1111100000000000
0000000000000000
0000111001000000
0000000100100000
0001001100000000
0000010100000000
1111110011100000
0000000000000000
0000100100100000
0000000000000000
1111010111100000
0000010001000000
1111111111100000
0000010000000000
1111110110000000
0010100000000000
0000110101000000
1101101000000000
1111111101000000
0000010010000000
0000110101000000
0000010001100000
0001001010100000
1111111101000000
0000010100000000
0000110100000000
1111101111100000
0000001101000000
