0101011111010011
1111111100000011
1111100100010110
0000001100110111
0000100101000111
0000110000111111
1110111110101100
1110111011001110
0001000110111100
0100001110010101
1011010111101111
0011111000101110
0000100000001110
0101010011001110
1011001000011110
0000101001001111
0000001101001010
1111101111100010
1010111100110111
1011010011001100
1111010100000010
0000100111000001
1011101101110111
1110010101011011
1010110101011011
1111101101011111
1010111101011010
1111100110110011
0000001000100101
1111100001001011
0100110101000101
1111001101000101
1110101001111110
1011001000100010
1110100001110001
1011011100111010
1111001100011110
0100111001101011
0100111011101011
1111101001000100
0101011011110101
1111111100111001
0000100110101011
1011000111010100
1011101100110000
0001000010011000
0100011010111110
0000110111011111
0100111010011001
0000011101011010
1111110001011010
0000001001001111
1011001001110000
1010111111010011
0100011110101110
0100111100011001
0000111101001101
0000110100100011
0001000101001111
0000111010000111
1010011110000001
1111110101011010
1010101111010101
1111111100111010
1111111110111000
1111101000101011
0101010110111010
0000010110001111
1111000100110100
0000111000100010
0100110101010100
0001000101010000
1010100010110010
1111110001011100
0101000000000110
0000001001011110
1010111001001001
0100111001101110
1010111111110011
0000001111100000
1111010111111110
1010111000010011
1111010100100101
1111001011111100
0000110101000000
1111101111101100
1010110100101011
0101001001110101
1111100011011001
1111110011100110
1111100110011011
1010110101110001
0000011010000010
1111011111110010
1111010111111011
0001001000010111
0100101010011000
1011001100111010
0000011011100111
0100110001010110
0000001111100011
1111111010101001
1111101011101101
1111111011101111
0100100101010110
1111100101110010
1111010110001011
1110110101011000
1010110000100011
0101001110011011
1111011110011101
0000100100110011
0000000001101000
1111111011010101
1011000001000010
1011000110011010
1111110110101101
1011001010100111
1111000101100100
1111011110011111
0101010110111110
0100110001010000
1010101110100111
1011000010010100
0000010101111010
1111110010011111
0000000000111001
0100101000001011
1011011011000101
1111100000100110
0100110000010000
0000100100111010
0001010011001101
1010111101001100
0100101100110001
1010110011010101
0101001010001101
1011000111101010
1111011101011010
0100100011101010
0100110000100101
1010111110110111
1111101111110111
0100110010011010
1011000011100110
0000111101001011
0000101011000100
1111111001101000
1010011100101101
0000000111000011
0101001001001001
0101001111100000
0101000100110000
0100100111001001
0000011100011110
1111011100101000
0100110110000000
1111000011010101
0101001000110000
0000100011001010
0000101001011110
0101000001010101
1011001110100011
1111111110100110
1111101001000001
1010101011111011
0000001011000100
0100110100000011
