0000001010000101
1111110100000100
0000000100001111
1111111000111010
0000001110101001
1111110101000011
0000001110101000
0000001001100111
1111111101100000
0000001001010110
0000000100111111
0000001011001011
0000000101101110
0000000111110010
0000000100111110
0000000110100110
1111111000110111
1111110011000111
0000000110001111
0000001110011010
1111111110000011
0000001000100000
1111110101111111
1111111110010001
0000000110101101
1111111000110101
0000000100111110
1111110011110100
0000001110101110
0000000010101111
0000001000000011
0000000000001100
0000001100100001
0000000001100001
1111110100110010
0000001010111010
0000001010000100
0000001101101111
1111110110010011
0000000011101110
1111111011010000
0000000010101111
0000001101010110
0000001000001111
1111111100001011
1111110010011011
0000000000111111
0000001101111001
0000000010001101
1111110000011000
1111110101001100
1111111001111101
1111110101010011
1111111000011011
0000000110000100
1111111110011011
1111110111010101
1111110100111000
0000000001001111
1111110010100000
1111110011011010
1111110000001001
0000001010001010
1111110010101101
1111111000010100
1111111101110100
1111110101110100
1111110100101010
0000001011110100
0000000001100110
0000001011010011
1111111011001111
1111111100110111
1111110111101011
1111110101111001
1111111101010111
0000001100111001
1111111111101101
1111111010110100
1111111011110100
0000001000111110
1111110111101111
1111110011000110
0000001110001001
0000000010011010
1111110111100001
0000001010010010
1111110001011000
0000000100110001
0000000100101111
0000000001100000
0000000111110101
0000000101111111
1111111011110011
0000001000111110
0000001101101111
1111111111100101
1111111110010011
0000000000010001
0000001010001011
0000000100101000
0000001001111110
1111111011001110
0000001100000010
0000000011111011
1111110110101001
1111111111000100
0000001011000001
1111110111001111
1111110111010010
1111111001111101
1111111101110001
0000001100111101
1111111110000011
1111111000010001
0000000011000010
0000000011010011
1111110111000110
1111111001100000
1111111101100101
1111110010101111
0000001001101000
0000001101101110
1111111111101001
1111110111100110
0000001110110100
0000000000101011
1111111111101001
0000000101101111
1111111011110001
1111110001001101
0000001101001110
1111110011001010
1111111010101111
1111110100011000
1111110011011011
1111111111110100
0000000110111000
0000001100100001
0000000110010111
1111110000111111
0000000000000000
0000001100111101
0000000011110001
0000001001110010
1111110101110111
0000001100011000
1111111111101011
0000001111010100
0000000000000001
1111110001111010
1111110001010111
0000000000101100
0000001010001100
0000000111001000
0000000101000111
0000001111001001
0000001001100111
1111111101110110
1111110010101011
1111110101100011
0000001010100111
1111110001111100
0000000000110111
0000000101000001
1111111001010110
1111110000100000
1111110101010110
