0000001000001011
1111110110001000
1111111100100101
1111111111010101
0000001101100111
1111110101101100
1111111111100100
1111111001000111
1111111101111011
0000001000100101
1111111011010111
0000001001101100
0000000010111100
1111111110010100
1111111100101111
1111111001110100
0000000110011110
1111110111101010
1111111101101101
1111110010100101
0000000000011101
0000000101000001
0000000000001101
1111111111011111
0000000011011010
1111111101011011
1111111100101001
0000000000000010
1111111011010011
1111111110011111
1111111100000011
0000000000000100
0000001011100000
1111111110111001
0000000101011100
1111111010101001
1111111010110101
1111111011111000
0000000100110101
1111111111110011
1111111100110110
0000000000010001
1111111010010001
0000000100001011
1111111111011110
0000001100000111
0000000000100011
1111110101101101
1111111111110111
0000000101000110
1111111001101000
1111111111101010
1111111101110100
1111111101101010
0000000011000000
0000000001010100
1111111000110100
1111111000110000
0000000001001110
0000000001100010
1111110100010111
1111110111010001
0000000111011111
0000000010101010
1111111011011000
1111111110001101
0000000100110100
0000001000010000
0000000001111000
1111111110110111
0000000010110000
1111111111110111
0000000010101010
0000000110010001
0000000101010000
0000000010011000
0000001011011101
0000000000000000
1111111011110110
0000000011010000
1111111110000001
0000000001100101
0000001001100000
0000001100111001
1111111101111000
0000000010011111
1111110110000010
0000001001101011
0000000010001101
1111111111100010
1111111111011000
1111111011001000
1111111100001101
1111111110111100
1111111000011111
0000000111100100
0000000000000011
0000000000101010
0000000000000000
0000000101111111
1111111110111000
0000000000101001
1111111011110011
0000000001001101
0000000000101011
0000000011101110
0000000000100000
1111111001010001
0000000101110001
0000000001000111
1111111010111000
0000000001011010
0000001100011011
0000000001100001
0000000001011010
1111111110100011
0000000001011001
0000000110110100
0000000010010110
1111111111111101
0000000110010010
1111110110111100
0000000110010100
1111111111111100
0000000000101100
0000000001011000
1111111111101000
1111111111111010
1111111110110011
1111111011110111
1111110100100110
0000000111110101
0000000110000111
1111111110000110
1111111010110110
1111111100001000
1111111111111001
0000000101100011
1111111011110110
1111111100001001
1111111000101010
0000000000000000
0000000010110110
0000000010101101
0000000001011111
0000000101010001
1111110100010101
0000000000001101
0000000110100001
1111111111111111
1111111010110111
0000001100100011
1111111111011100
0000000110011101
1111111011000000
0000000000001100
0000000100100000
1111111111000110
1111111110100110
0000001001110001
0000000010010001
0000000110011011
0000000010110101
1111111111110110
0000000001010010
0000000000111010
1111110000111111
0000001000011000
