0001101000000000
0000000000000000
0100010000000000
1000101000000000
1110000000000000
0000011000000000
1111011000000000
1100000000000000
0100000000000000
0100110000000000
0011011000000000
1010001000000000
1001011000000000
1001100000000000
1001100000000000
1111110000000000
1100010000000000
1010111000000000
0011000000000000
0000001000000000
1110111000000000
1010100000000000
0100100000000000
1110010000000000
0010101000000000
1001111000000000
1111010000000000
0100010000000000
1010110000000000
1111010000000000
0001011000000000
0100001000000000
0000101000000000
1000000000000000
0100000000000000
1111000000000000
1001110000000000
0000011000000000
1111000000000000
0001110000000000
1111011000000000
0001110000000000
1111000000000000
0111011000000000
0110010000000000
0100000000000000
1111110000000000
0000001000000000
0001000000000000
1010010000000000
1010111000000000
1110010000000000
0011100000000000
0001110000000000
1110000000000000
1110101000000000
1100101000000000
1100110000000000
0010000000000000
1111101000000000
1101101000000000
0000001000000000
1010011000000000
0000001000000000
1001011000000000
1011000000000000
1101101000000000
1100100000000000
0101110000000000
0110000000000000
0110000000000000
1110010000000000
0011010000000000
0001001000000000
1010100000000000
0010101000000000
1000000000000000
1111010000000000
1000100000000000
1000000000000000
0100000000000000
0111100000000000
1010000000000000
1001111000000000
0001110000000000
1100011000000000
1111100000000000
0000111000000000
0000100000000000
0000001000000000
0010111000000000
0011100000000000
1000000000000000
1110000000000000
0001111000000000
0011100000000000
0011010000000000
1110001000000000
0100000000000000
0000000000000000
1101101000000000
1100000000000000
0001101000000000
1110110000000000
1000110000000000
0101010000000000
1010110000000000
0110000000000000
0011011000000000
0000011000000000
1010000000000000
0010111000000000
1100000000000000
0000000000000000
0100110000000000
0100110000000000
0001100000000000
0010100000000000
1011101000000000
1111100000000000
1100111000000000
0010111000000000
0000000000000000
1111001000000000
1111001000000000
0011000000000000
1001100000000000
1111110000000000
0100001000000000
0000000000000000
0000000000000000
0011001000000000
1101010000000000
1001000000000000
0001000000000000
0011000000000000
1010101000000000
0000111000000000
1100000000000000
1011101000000000
0000000000000000
0000101000000000
1100000000000000
1001101000000000
0011000000000000
0010110000000000
0011010000000000
1101100000000000
0101100000000000
0101000000000000
0100000000000000
1011001000000000
0001100000000000
1111100000000000
0001001000000000
0000000000000000
0101010000000000
0100101000000000
0001100000000000
0110000000000000
0000000000000000
1101011000000000
0000000000000000
0011110000000000
0011000000000000
0010000000000000
0001000000000000


