0000001010110101   0101000100011010   1111101010110111   0100011010001010   0000100011011010   1111001111111101   1111010000111111   1011010100011110   0001000101011111   1110111111100100   0001000110010000   1011010000001101   1110110000110100   0000111001110010
0101000000011001   0000001010011100   0100111011011110   1111111110100111   1011000000001111   0100111111111010   0101011011000010   0101001111001110   1111011000101000   0000010010100101   0000101000111100   1111001000110001   1011000100100010   0101000000000010
1010111100011110   0000010101011101   0000001010110000   1111111111001111   0100111011100101   1111101011010010   0000011101001001   1111110101110001   1010101011001111   0100111101001100   1111010000110011   0000110000011000   1010110000111100   0000011111011110
0100100010111000   0100111000100111   0101000100110100   1010100000110011   1010011110110010   0101000010111000   1010110010100000   1111111111110010   0000010110111010   1010100000101100   1111010100000100   1111101100110010   0100101100111111   1010110010001111
0101010100001001   0100111011011010   1010100110101100   1111110100001101   1111101001000110   0101000010111110   1111110101011110   0101000011101110   1011000001111001   0101000000010011   1011010011100101   0000010011011111   1111101100100110   1011001100110001
0100101110100111   1011001100101111   1011001011100001   0100110100110010   0000001010101000   1011001000100011   0000000001110101   1011001010001011   0100111011001010   1010100010100110   1010101100101001   1111101010011011   1010110010100111   0000111101000101
1010111011000011   0000011111011011   1111011110001111   0100111000000110   1111101101010000   1111111000011001   0000010111000100   0101001101110110   1010100101010000   0000000001101101   0101001000101111   0100110111111011   0000001100001110   0000001001011001
1011000100010101   0001000000111111   1011010001010000   0000110101011100   1110110101111100   0101000001101110   0100111001111101   0000010011100010   1011000101100111   0000000100001001   1111111101000011   0000000010110111   1111111001101100   1010111011000000
0100100001000010   1011010010010010   1011011100101010   0000101101111000   0100110010010100   1010110100111011   1010110101001110   0100101000110001   1111100110101111   1010111000110101   0000010101101011   1111101010000110   0000001001111100   0100110001110100
1110100111111010   0100001100101111   0001000110011100   0100110001000011   0100110110010010   0101000100011011   0000101100111010   1011001101111010   1010111000011001   0000101001111010   1010110011111000   1111110100111000   1111100001101100   1111111111101111
0001010000111111   0000111100011000   1011011010111010   1111000001010101   0100111011111110   1111000101101010   1011011110101010   1011001011011011   1011000010001100   1011100011100001   1111100010101011   1011001110100001   0100111000001100   0100001001111101
1110011100100000   1100000111111010   0001100000111110   0100101111111000   0100011100010100   0100110110111111   1010111011011011   0100011000011001   1011010010100000   1011011100001110   0100100000101111   1111010000111100   1011010100100001   1111111101110100
