0000001100111111
0000001101001111
1111110011001000
0000000001100000
0000001110111000
0000001111000100
1111111111100010
1111110100100011
0000001101010011
0000001110101101
1111110001001001
0000001101111001
0000001000010000
1111111100100011
1111110101011111
1111110001000001
1111110001011111
0000001010010110
1111111010001001
1111110001000111
1111111100001101
0000001001011101
1111111111101011
0000000100101100
0000001000001010
0000000101110000
1111110101001101
1111111111111101
1111111010111001
1111110111001010
1111111000001010
0000000110011000
0000001110101101
1111110100011100
1111111000001111
1111111000001001
1111110111110011
1111111011001101
1111111000000010
1111111111001001
0000001010100110
0000000001100110
1111111001001001
0000001000001000
0000000010001011
1111110001101110
0000001000111100
1111110100001010
1111111111000001
1111111010110010
0000001001011011
0000000000111010
0000000011010001
0000000100111100
0000000111111100
1111110010101100
0000001101001111
0000001010011011
0000001111111000
1111111110001011
0000001110110010
0000001000110011
0000001011110011
1111111100110011
0000001001100111
0000001101001001
1111111000011100
1111110100010111
0000000010100011
1111110100101001
0000000011111010
0000000000011011
1111110010011100
1111110011111101
1111110111101011
1111110001100110
0000001110001111
1111111111101010
0000001100110011
1111110011100100
1111111100011110
1111111100111011
1111110100001110
0000001110100110
1111110001111010
1111111011010011
1111110000100000
1111110101011010
0000000111011011
1111111110011011
1111111001011111
1111110110000011
1111110101111000
0000000100000001
1111110010100110
0000001000110101
1111111101111101
1111111001110011
0000000000010110
0000001001011100
1111111100000111
0000000001000011
0000001110000011
0000000001100111
0000000010110010
1111111001101001
1111110111011000
1111110110001111
1111110101011110
1111111101111100
0000001101100011
1111110101111011
0000001111010111
1111110011100100
1111111101000101
1111111000011001
0000000110110001
1111110011110000
1111111010001101
0000000000010000
1111111000011010
1111110000111100
0000000111011000
0000000010100001
1111111110101100
0000000001100000
1111110111011010
0000000011111110
1111111100101010
0000001111100111
0000001100010101
0000001001011111
1111111000011000
0000000101110000
0000000111000101
0000000100111011
0000001000111011
0000001100111011
1111111010101100
1111110110010101
0000000111110100
1111111111010111
0000000011100001
0000001011100000
0000000010011101
1111110111101011
1111110000111011
1111110101011000
0000000110110100
1111111111000101
0000000101110101
1111110010010010
1111110011000110
0000001010001010
1111110100110011
0000000000100110
0000000100110001
1111111110100001
0000001010011010
1111110100010001
1111111100100001
0000001001101101
1111111100110010
1111111101010110
0000000100000110
1111111101110100
0000001111011111
1111110011011010
