0000100111011100
0000000001101100
0011000010011000
1110010011000011
0000010010001111
0000010101101101
1111010111010100
1111010111000111
0000000110101010
0000100001110010
0001111010100110
1101010111111010
1111100010101101
0001000010001010
0000101001100011
1111101100101000
1110000010111010
1111101101101010
0000010110101101
0000000110111110
1111100110111001
1111110110001100
0000110101010000
1111100011110110
0010100000010100
1111011011001100
1111011110001110
0010011101111101
1110110010001001
1111010001110111
0000001110010101
0001101111010110
0000100000000010
1111111101000100
0000101000000110
1110111101110110
0001001111101001
0000000100111000
1111100001101110
0001101000110010
1111111010011000
1111010011001100
1111101010001001
0001100001110110
0001001101101010
1111111110010101
1111101111101000
0000001000001101
0001000000100010
1111010001001111
1111011010111000
1110101001101011
0001000101010010
0000111011001100
1111010011010100
1110100111011100
1111110100001001
1100101011100000
0000000010111010
1111110101001011
1111001100001111
0000001101100111
1110110110011001
0000001001011011
1111101110100001
1110110100101111
1110010010000101
1111000001001101
0001000011101111
1111100000000110
0000001000101111
1111110101000000
0000011011000011
0000111101111001
1111000001100111
0001100110110011
1111111010100001
1111111001001010
1111010110100010
1111110010000101
0001110100100011
1111100011101100
0000000011011011
1110100110111001
0001000110111011
0001000001100010
1111111101000100
0000000110101111
0000001001111011
0000001011010111
0001110001100011
0010101110011010
0000000101000010
1111011011110010
0000100011100111
0011010001100010
0001110001111000
1110101110010111
0000000000110010
1111111010011001
1111101101010011
0000000100111101
0000110110100101
1111101011000010
1110001001000100
0000001111001010
1111100100111011
1111100110100001
0000100110010100
0000011100011000
0000001101000110
0001000111010001
1111101000111010
1111010100110010
1111100011100011
0001010000100100
0000100011101001
0010000101100111
1111100001110000
1111101011000011
1110100100011001
0010110101100100
0000000101101011
1111100000111000
0000011100100110
0001010010111011
1111001010000111
1111110001101100
0010010000100111
1111111111000111
0000000001100101
0010100000100101
0000010101101111
0001010110100000
0000011010101111
0010111101110000
1101000101000101
0000111000011110
1111111111011010
1110101100000000
1111111111001110
0000011010011000
0000010101000001
1111010100110101
1111001010010010
0000100101110111
0011000000111110
0000010110011100
0000100011000111
0010111011100010
1111111010001010
1110011001011000
0000000110111100
1111001001000001
0000111111011110
0000000011010010
0001110001101010
0001110000100010
1111000000101011
1111110111011000
1111111111110100
1111111101111111
0000000011101101
0010000111001010
0001000100100100
0000001001010101
0000011000111110

